1 -1 0 -1 1 2 5e-09 5e-09 5e-09 1
1 -1 0 -1 1 2 7.5e-09 7.5e-09 7.5e-09 1
1 -1 0 -1 1 2 10e-09 10e-09 10e-09 1
1 -1 0 -1 1 2 12.5e-09 12.5e-09 12.5e-09 1
1 -1 0 -1 1 2 15e-09 15e-09 15e-09 1
1 -1 0 -1 1 2 17.5e-09 17.5e-09 17.5e-09 1
1 -1 0 -1 1 2 20e-09 20e-09 20e-09 1
1 -1 0 -1 1 2 22.5e-09 22.5e-09 22.5e-09 1
1 -1 0 -1 1 2 25e-09 25e-09 25e-09 1
1 -1 0 -1 1 2 27.5e-09 27.5e-09 27.5e-09 1
1 -1 0 -1 1 2 30e-09 30e-09 30e-09 1
1 -1 0 -1 1 2 32.5e-09 32.5e-09 32.5e-09 1
1 -1 0 -1 1 2 35e-09 35e-09 35e-09 1
1 -1 0 -1 1 2 37.5e-09 37.5e-09 37.5e-09 1
1 -1 0 -1 1 2 40e-09 40e-09 40e-09 1
1 -1 0 -1 1 2 42.5e-09 42.5e-09 42.5e-09 1
1 -1 0 -1 1 2 45e-09 45e-09 45e-09 1
1 -1 0 -1 1 2 47.5e-09 47.5e-09 47.5e-09 1

